1 1150
2 927
3 1097
4 1012
5 1245
6 973
7 1169
8 1374
9 913
10 1009
11 1308
12 1138
13 1146
14 1071
15 962
16 1312
17 1114
18 1307
19 1386
20 1346
21 1019
22 1013
23 1356
24 961
25 1130
26 1195
27 1430
28 1147
29 1156
30 1069
31 1230
32 1090
33 873
34 1177
35 1026
36 1138
37 1341
38 1221
39 1254
40 1198
41 1254
42 1165
43 1237
44 1138
45 835
46 943
47 1111
48 1315
49 1218
50 1340
51 1337
52 1093
53 1252
54 1305
55 1053
56 1420
57 906
58 1161
59 1216
60 1035
61 741
62 1364
63 1316
64 1338
65 1037
66 1373
67 677
68 1086
69 1083
70 1216
71 1248
72 916
73 1112
74 1115
75 993
76 973
77 1321
78 1710
79 1057
80 995
81 1280
82 1221
83 1377
84 1200
85 1268
86 1113
87 1003
88 1149
89 1180
90 1208
91 1237
92 1133
93 1084
94 1417
95 926
96 1367
97 1301
98 1103
99 1038
100 1227
101 1013
102 1092
103 1134
104 1038
105 1137
106 1237
107 1572
108 1116
109 1301
110 1211
111 1290
112 1107
113 1354
114 1156
115 802
116 931
117 1069
118 1269
119 1170
120 1097
121 1396
122 1222
123 1278
124 901
125 1182
126 1108
127 1109
128 1169
129 981
130 1374
131 1059
132 1233
133 1360
134 1127
135 1398
136 1125
137 1205
138 1487
139 1176
140 1208
141 971
142 1217
143 1216
144 1212
145 1289
146 1292
147 1369
148 984
149 1541
150 1136
151 1243
152 1232
153 921
154 1167
155 1237
156 1429
157 1129
158 1334
159 1210
160 811
161 1086
162 1099
163 1095
164 1277
165 1011
166 1050
167 1477
168 781
169 1126
170 1003
171 1136
172 1343
173 1410
174 1343
175 1509
176 1322
177 1338
178 1060
179 1067
180 1145
181 1249
182 1417
183 1101
184 1282
185 1026
186 1390
187 1198
188 1583
189 1310
190 1456
191 1174
192 1193
193 1131
194 1288
195 896
196 1238
197 1194
198 1208
199 1264
200 1139
201 1147
202 1500
203 1283
204 918
205 1408
206 1208
207 1328
208 1340
209 949
210 891
211 1495
212 1508
213 1573
214 1237
215 900
216 1174
217 1186
218 1010
219 1003
220 1200
221 716
222 942
223 1241
224 1035
225 1021
226 1083
227 1150
228 1145
229 1291
230 1450
231 1138
232 1149
233 1045
234 1104
235 1032
236 1366
237 1257
238 1066
239 1002
240 1019
241 1486
242 1180
243 904
244 991
245 1469
246 1236
247 1452
248 1390
249 873
250 1051
251 989
252 1181
253 997
254 1378
255 1181
256 898
257 1106
258 1120
259 887
260 898
261 1037
262 1086
263 1378
264 1268
265 1430
266 958
267 1467
268 1193
269 1395
270 1208
271 1188
272 947
273 900
274 1110
275 1294
276 1189
277 1094
278 1122
279 1286
280 1331
281 1233
282 988
283 883
284 1550
285 1081
286 958
287 1263
288 1248
289 1092
290 1332
291 1152
292 899
293 932
294 1066
295 1306
296 977
297 1228
298 1064
299 1092
300 1011
301 1154
302 1098
303 1317
304 1168
305 1430
306 1034
307 1039
308 1075
309 1086
310 1343
311 928
312 1360
313 1170
314 1319
315 1317
316 1260
317 1289
318 1109
319 1077
320 1144
321 1244
322 926
323 1354
324 1375
325 1310
326 1032
327 1215
328 1146
329 1205
330 1333
331 1136
332 992
333 1108
334 1380
335 1090
336 1273
337 939
338 991
339 1337
340 943
341 1173
342 1218
343 1059
344 1386
345 1189
346 888
347 1079
348 1222
349 1091
350 1131
351 894
352 804
353 1288
354 1063
355 1196
356 1229
357 1255
358 960
359 907
360 1045
361 1294
362 1022
363 1092
364 984
365 1260
366 1047
367 1002
368 1072
369 1104
370 1097
371 1176
372 945
373 984
374 1005
375 1029
376 1311
377 1081
378 1126
379 1267
380 899
381 1367
382 1021
383 1124
384 1327
385 1105
386 1152
387 953
388 1123
389 1222
390 1427
391 1208
392 1059
393 1041
394 1479
395 1304
396 990
397 1195
398 964
399 1176
400 1238
401 1037
402 1285
403 999
404 1036
405 1039
406 1166
407 1083
408 1259
409 1438
410 1298
411 947
412 1280
413 904
414 1313
415 1004
416 1501
417 1110
418 919
419 1161
420 1084
421 1036
422 1270
423 1224
424 1190
425 1282
426 1137
427 1285
428 1080
429 1211
430 914
431 1117
432 1138
433 1229
434 1255
435 1008
436 1254
437 1063
438 1227
439 1204
440 1268
441 838
442 1168
443 1070
444 1087
445 1373
446 1211
447 1218
448 1418
449 961
450 1243
451 1544
452 1254
453 1336
454 1129
455 1392
456 1084
457 1436
458 1316
459 1294
460 987
461 929
462 1206
463 1108
464 1302
465 1278
466 1222
467 1200
468 1344
469 939
470 1428
471 1107
472 1370
473 1200
474 955
475 1017
476 959
477 1133
478 1043
479 1284
480 1380
481 1163
482 896
483 1344
484 1190
485 1033
486 1152
487 1196
488 931
489 997
490 1467
491 1028
492 1355
493 1353
494 1034
495 948
496 1160
497 970
498 1093
499 1284
500 1006
501 1358
502 1190
503 1327
504 1319
505 1257
506 1067
507 1140
508 1040
509 1124
510 1013
511 1028
512 1253
513 1050
514 1358
515 942
516 1230
517 1086
518 936
519 1072
520 1058
521 1307
522 1506
523 1146
524 1238
525 988
526 1086
527 1429
528 1282
529 921
530 1183
531 1127
532 1172
533 977
534 1027
535 995
536 1004
537 1080
538 1074
539 1069
540 1479
541 1308
542 1127
543 1375
544 1393
545 1132
546 1102
547 1101
548 1081
549 1085
550 1064
551 1320
552 1216
553 833
554 1063
555 819
556 1309
557 1036
558 652
559 1290
560 875
561 1098
562 994
563 1219
564 1035
565 1288
566 1146
567 992
568 1188
569 991
570 819
571 1540
572 1096
573 849
574 1116
575 1338
576 980
577 719
578 1036
579 1113
580 1196
581 1085
582 1167
583 1324
584 1046
585 1299
586 1011
587 1221
588 834
589 1292
590 1228
591 1012
592 883
593 1040
594 1111
595 1008
596 1207
597 1121
598 1155
599 1308
600 1063
601 1268
602 985
603 877
604 984
605 1242
606 1121
607 1045
608 1080
609 820
610 1145
611 1298
612 1051
613 1170
614 1017
615 869
616 1247
617 1068
618 757
619 1017
620 1451
621 1416
622 1698
623 1049
624 1250
625 950
626 1465
627 1187
628 1160
629 1592
630 1098
631 1313
632 1122
633 1234
634 913
635 1128
636 1237
637 969
638 1407
639 1039
640 1069
641 1098
642 1040
643 1239
644 1125
645 1014
646 1198
647 1110
648 1069
649 1124
650 1358
651 1226
652 1116
653 749
654 1232
655 1272
656 1092
657 1337
658 1038
659 1101
660 1298
661 1215
662 1074
663 1283
664 1147
665 1329
666 1093
667 1228
668 1413
669 1231
670 1271
671 882
672 1083
673 1310
674 1358
675 1313
676 1217
677 1127
678 1255
679 1312
680 1114
681 1320
682 1182
683 1078
684 1084
685 1312
686 1464
687 1354
688 1285
689 1078
690 1181
691 1310
692 1197
693 1133
694 902
695 942
696 944
697 1159
698 1590
699 1284
700 1220
701 1297
702 1033
703 1297
704 1224
705 697
706 1118
707 1312
708 896
709 1058
710 1171
711 1385
712 1363
713 1162
714 864
715 1046
716 1191
717 1467
718 1246
719 1000
720 1248
721 1056
722 1168
723 1333
724 1297
725 1096
726 1554
727 1201
728 922
729 1257
730 1209
731 1093
732 924
733 858
734 829
735 1044
736 1492
737 1092
738 1146
739 1128
740 1192
741 1205
742 1460
743 625
744 1253
745 1071
746 1164
747 1145
748 1092
749 1271
750 897
751 1336
752 1039
753 1145
754 1114
755 1295
756 1363
757 1164
758 1144
759 918
760 890
761 1543
762 950
763 919
764 1263
765 1205
766 752
767 1050
768 1149
769 1285
770 1350
771 1073
772 1292
773 1149
774 1552
775 1236
776 1006
777 1079
778 1385
779 869
780 1612
781 1368
782 1071
783 1064
784 1306
785 1254
786 1187
787 1272
788 1141
789 1039
790 1009
791 1080
792 1170
793 1163
794 1289
795 1167
796 1026
797 1154
798 1311
799 1338
800 1065
801 1007
802 1343
803 1118
804 1129
805 1152
806 1065
807 1110
808 1192
809 1258
810 858
811 1216
812 806
813 1118
814 856
815 1509
816 1252
817 1322
818 1075
819 1355
820 1314
821 951
822 1114
823 1234
824 1597
825 1178
826 1403
827 1052
828 1062
829 1170
830 1377
831 1288
832 1107
833 1586
834 999
835 1021
836 1375
837 1247
838 1345
839 1016
840 1178
841 1228
842 1126
843 1127
844 1352
845 966
846 1203
847 1375
848 1293
849 1275
850 1164
851 1272
852 883
853 1026
854 1423
855 1262
856 1245
857 970
858 964
859 1102
860 1493
861 1098
862 1210
863 1379
864 1093
865 1259
866 1344
867 1223
868 1092
869 1284
870 1261
871 1045
872 1305
873 1184
874 1173
875 1131
876 805
877 1294
878 1073
879 1001
880 1203
881 1017
882 1175
883 1233
884 1023
885 1244
886 1228
887 1403
888 871
889 1165
890 1267
891 965
892 739
893 870
894 1083
895 1027
896 1028
897 1138
898 1033
899 1039
900 1343
901 1103
902 1397
903 1084
904 1215
905 872
906 1444
907 1130
908 1085
909 1452
910 1374
911 1133
912 1275
913 1423
914 1298
915 1052
916 1263
917 1106
918 1292
919 1211
920 1336
921 1326
922 1135
923 840
924 1191
925 1244
926 1301
927 1335
928 791
929 1115
930 1299
931 882
932 1021
933 1193
934 1251
935 914
936 1080
937 1224
938 1038
939 1461
940 1097
941 1342
942 1094
943 1261
944 1347
945 1184
946 1075
947 1431
948 1130
949 1340
950 1537
951 1373
952 1023
953 1230
954 1289
955 1209
956 1123
957 1141
958 1512
959 1032
960 1028
961 1243
962 1297
963 1301
964 1598
965 1208
966 1391
967 1334
968 895
969 903
970 709
971 1145
972 1117
973 1013
974 968
975 1299
976 1268
977 1327
978 1348
979 1123
980 1055
981 1427
982 1129
983 1343
984 1124
985 1151
986 1206
987 988
988 1352
989 1161
990 1483
991 1498
992 1282
993 1299
994 1274
995 1152
996 1463
997 1157
998 854
999 1011
1000 0
