1 0
2 2
3 1
4 1
5 4
6 2
7 2
8 2
9 2
10 4
11 2
12 3
13 2
14 1
15 1
16 1
17 4
18 0
19 1
20 0
21 4
22 0
23 0
24 0
25 1
26 3
27 2
28 1
29 1
30 3
31 2
32 2
33 2
34 2
35 2
36 2
37 0
38 1
39 4
40 4
41 2
42 0
43 4
44 2
45 0
46 3
47 3
48 0
49 2
50 4
51 0
52 1
53 0
54 2
55 1
56 1
57 0
58 1
59 3
60 4
61 0
62 4
63 0
64 4
65 0
66 1
67 0
68 3
69 3
70 4
71 2
72 2
73 4
74 0
75 2
76 0
77 1
78 1
79 0
80 2
81 4
82 0
83 2
84 0
85 2
86 2
87 1
88 2
89 4
90 3
91 0
92 0
93 3
94 1
95 1
96 2
97 2
98 0
99 4
100 4
101 1
102 0
103 3
104 3
105 0
106 4
107 3
108 0
109 3
110 3
111 1
112 0
113 0
114 0
115 3
116 2
117 0
118 4
119 3
120 0
121 2
122 1
123 0
124 2
125 1
126 0
127 1
128 4
129 2
130 0
131 0
132 2
133 4
134 2
135 4
136 1
137 0
138 3
139 2
140 1
141 2
142 0
143 1
144 1
145 1
146 1
147 1
148 2
149 1
150 0
151 2
152 3
153 3
154 2
155 4
156 3
157 2
158 0
159 0
160 1
161 2
162 2
163 0
164 2
165 2
166 2
167 0
168 2
169 1
170 4
171 4
172 1
173 4
174 3
175 2
176 1
177 0
178 0
179 1
180 0
181 1
182 3
183 4
184 0
185 2
186 1
187 2
188 2
189 2
190 2
191 0
192 4
193 2
194 4
195 1
196 2
197 2
198 3
199 1
200 2
201 3
202 1
203 1
204 0
205 2
206 0
207 3
208 1
209 2
210 4
211 3
212 1
213 0
214 1
215 4
216 2
217 2
218 2
219 0
220 0
221 3
222 3
223 3
224 1
225 0
226 2
227 0
228 1
229 1
230 0
231 3
232 0
233 4
234 4
235 3
236 0
237 2
238 4
239 2
240 2
241 3
242 4
243 1
244 2
245 1
246 1
247 2
248 4
249 2
250 3
251 2
252 4
253 2
254 3
255 0
256 4
257 0
258 2
259 3
260 1
261 3
262 1
263 3
264 4
265 2
266 3
267 0
268 2
269 1
270 4
271 0
272 3
273 2
274 2
275 3
276 2
277 2
278 0
279 2
280 0
281 0
282 0
283 2
284 0
285 2
286 1
287 0
288 3
289 0
290 3
291 1
292 3
293 3
294 3
295 2
296 0
297 0
298 2
299 4
300 1
301 2
302 3
303 3
304 0
305 4
306 2
307 3
308 1
309 0
310 3
311 1
312 0
313 1
314 0
315 1
316 0
317 1
318 4
319 4
320 0
321 2
322 3
323 4
324 2
325 3
326 0
327 2
328 1
329 4
330 1
331 2
332 2
333 3
334 4
335 2
336 2
337 0
338 0
339 3
340 1
341 2
342 0
343 0
344 4
345 3
346 2
347 0
348 0
349 1
350 2
351 4
352 4
353 3
354 4
355 3
356 3
357 4
358 2
359 3
360 3
361 0
362 4
363 3
364 3
365 3
366 1
367 0
368 3
369 1
370 3
371 2
372 4
373 3
374 4
375 2
376 3
377 4
378 4
379 1
380 0
381 3
382 0
383 4
384 0
385 4
386 1
387 3
388 1
389 1
390 2
391 3
392 3
393 2
394 3
395 2
396 3
397 4
398 0
399 4
400 0
401 3
402 4
403 1
404 1
405 1
406 3
407 1
408 4
409 2
410 1
411 2
412 1
413 2
414 1
415 0
416 0
417 3
418 4
419 3
420 0
421 2
422 2
423 3
424 3
425 1
426 3
427 0
428 0
429 2
430 2
431 0
432 0
433 4
434 0
435 1
436 1
437 0
438 1
439 4
440 1
441 1
442 4
443 3
444 4
445 4
446 1
447 2
448 3
449 1
450 4
451 1
452 4
453 3
454 1
455 3
456 1
457 3
458 2
459 2
460 3
461 4
462 0
463 4
464 1
465 4
466 2
467 2
468 1
469 3
470 4
471 3
472 4
473 2
474 2
475 1
476 1
477 1
478 3
479 3
480 1
481 1
482 3
483 2
484 2
485 3
486 0
487 0
488 3
489 0
490 1
491 0
492 2
493 2
494 0
495 2
496 4
497 3
498 2
499 3
500 4
501 4
502 1
503 2
504 2
505 1
506 2
507 3
508 1
509 4
510 4
511 4
512 4
513 2
514 2
515 3
516 0
517 3
518 2
519 2
520 4
521 0
522 3
523 0
524 2
525 1
526 0
527 0
528 3
529 0
530 2
531 4
532 1
533 4
534 1
535 2
536 3
537 2
538 3
539 2
540 4
541 1
542 2
543 4
544 1
545 1
546 1
547 1
548 2
549 4
550 3
551 1
552 0
553 4
554 0
555 1
556 1
557 2
558 2
559 0
560 4
561 2
562 4
563 3
564 0
565 3
566 2
567 2
568 2
569 1
570 3
571 2
572 3
573 2
574 3
575 1
576 4
577 4
578 0
579 2
580 4
581 1
582 2
583 4
584 2
585 1
586 2
587 1
588 1
589 0
590 2
591 2
592 2
593 0
594 2
595 0
596 2
597 0
598 3
599 3
600 2
601 1
602 4
603 0
604 2
605 3
606 4
607 0
608 2
609 1
610 0
611 4
612 2
613 4
614 0
615 4
616 4
617 4
618 1
619 1
620 3
621 4
622 3
623 3
624 0
625 0
626 1
627 4
628 2
629 3
630 3
631 4
632 0
633 4
634 3
635 3
636 1
637 3
638 2
639 3
640 2
641 4
642 2
643 0
644 0
645 3
646 4
647 0
648 4
649 4
650 1
651 0
652 0
653 3
654 2
655 3
656 3
657 4
658 4
659 1
660 2
661 1
662 1
663 2
664 1
665 1
666 0
667 2
668 2
669 1
670 4
671 1
672 1
673 0
674 1
675 1
676 1
677 3
678 1
679 0
680 0
681 3
682 3
683 0
684 1
685 1
686 1
687 2
688 4
689 0
690 0
691 1
692 0
693 0
694 4
695 4
696 1
697 0
698 2
699 3
700 0
701 4
702 4
703 4
704 2
705 2
706 3
707 4
708 3
709 3
710 0
711 4
712 4
713 4
714 1
715 2
716 1
717 0
718 4
719 3
720 2
721 0
722 2
723 1
724 2
725 4
726 1
727 1
728 2
729 1
730 1
731 2
732 2
733 2
734 3
735 3
736 0
737 0
738 4
739 4
740 4
741 3
742 0
743 2
744 2
745 3
746 3
747 0
748 4
749 1
750 2
751 1
752 3
753 3
754 3
755 4
756 4
757 4
758 2
759 2
760 3
761 2
762 2
763 3
764 0
765 3
766 4
767 4
768 2
769 1
770 2
771 1
772 2
773 2
774 4
775 0
776 2
777 3
778 1
779 4
780 1
781 2
782 0
783 3
784 1
785 1
786 2
787 2
788 3
789 4
790 4
791 1
792 2
793 1
794 1
795 0
796 4
797 3
798 1
799 2
800 1
801 1
802 4
803 3
804 1
805 0
806 4
807 3
808 2
809 3
810 0
811 3
812 3
813 0
814 2
815 3
816 4
817 2
818 3
819 2
820 2
821 2
822 0
823 3
824 4
825 2
826 2
827 0
828 4
829 4
830 2
831 3
832 1
833 0
834 0
835 4
836 1
837 2
838 3
839 1
840 1
841 1
842 0
843 2
844 1
845 0
846 0
847 3
848 1
849 1
850 2
851 0
852 1
853 1
854 4
855 0
856 1
857 3
858 0
859 4
860 2
861 0
862 4
863 4
864 1
865 3
866 1
867 0
868 2
869 2
870 4
871 4
872 4
873 2
874 2
875 3
876 0
877 1
878 1
879 4
880 3
881 3
882 0
883 4
884 1
885 2
886 2
887 3
888 0
889 0
890 2
891 4
892 0
893 4
894 2
895 1
896 4
897 4
898 1
899 2
900 0
901 0
902 0
903 1
904 1
905 4
906 3
907 2
908 4
909 0
910 4
911 0
912 2
913 0
914 0
915 0
916 2
917 3
918 1
919 2
920 1
921 3
922 1
923 2
924 2
925 4
926 4
927 0
928 0
929 0
930 3
931 0
932 2
933 2
934 2
935 4
936 4
937 3
938 2
939 1
940 3
941 0
942 1
943 2
944 1
945 1
946 0
947 0
948 2
949 4
950 4
951 4
952 4
953 3
954 4
955 4
956 2
957 1
958 1
959 2
960 2
961 2
962 0
963 3
964 4
965 2
966 2
967 1
968 0
969 4
970 2
971 0
972 2
973 4
974 3
975 3
976 0
977 0
978 3
979 3
980 1
981 4
982 4
983 4
984 1
985 1
986 2
987 4
988 0
989 2
990 1
991 0
992 0
993 0
994 2
995 3
996 4
997 3
998 4
999 0
1000 1
